0	Br1122	0.0532758	0.00686226	0.0888196	388.384083858956	11.1572703887874	-352.975866245867	-244.452554776993	98.2395086397892	-89.0380241213568	6.25757012892909	188.616474532956	-19.0549370463208	-39.2905049053544	0	48.61	0
0	Br1464	0.05489	-0.0176023	-0.104721	61.251592461475	-85.9013998711685	245.850798193106	-294.443193839813	-142.800228755278	-40.0821552026547	148.145401709574	-65.1232557692391	79.1753502401492	127.103815747489	1	55.69	1
0	Br1503	0.0328082	-0.0246933	-0.0920783	-163.361114085343	234.36362998416	-101.057626908344	18.9353349399908	-131.720320090667	131.677416346827	143.287569862161	-26.618585811575	-0.685584882095599	-17.7973555981444	1	71.12	1
0	Br5323	0.0526506	-0.00722427	0.133539	81.6235546273113	139.970387665704	9.56669012109472	8.32554760915321	-37.5163117344778	-20.0888963146258	104.491782985534	-25.4263623637899	-37.6599500210132	-31.7243832326997	0	34.57	0
0	Br1297	0.0299291	0.01775	0.0301956	28.1972697355438	-129.743287248108	-51.8670319151817	-88.6416093921565	40.6980682074353	-14.0908157526931	131.704512920701	-2.78512406558588	-74.4786194025026	-40.6350553660401	0	62.74	0
0	Br1588	0.0459983	0.0389096	-0.0265256	465.825650426371	15.7567419588709	219.126659807031	-396.740911271448	333.289855577009	-30.6355595944274	-230.980344063237	86.5027494173918	63.2122490270457	483.825461695015	1	50.57	0
0	Br1722	0.065238	-0.0080264	-0.0126472	-143.515293708574	-140.857647749319	-283.821496973622	-174.035103259758	69.0992799250062	-48.419484476149	48.6114818165561	14.7794329310767	12.3596568340774	-78.8508646628209	0	48.59	0
0	Br1371	0.0419113	0.00292367	0.170993	157.63393875166	293.395792032138	121.103330536527	-84.3280495299832	3.09153005890983	-72.2093130881226	131.398058835642	86.2321749539595	-75.0226367699435	-11.3178778452424	1	65.32	0
0	Br1030	0.0166234	0.037136	-0.116838	-212.505616541401	-3.01715248408531	-46.1717847733424	-91.7799862254578	-28.9530737740392	-0.248353445990358	63.4633018728364	10.9460092796154	62.9563511619738	4.06054856520067	1	49.65	1
0	Br1067	0.0143833	0.038102	-0.0158396	-221.408991564895	-112.953999460409	-58.3328828179687	-12.2999140059629	60.2422716361106	-81.4366823319879	22.4213714523139	-17.5407089823314	11.0362223882707	-104.406566913227	1	75.57	0
0	Br1050	0.0667423	-0.0294485	-0.0635959	-346.355352277625	148.209663006135	-322.522823862989	-64.67676123154	121.759942668886	-70.2543685552267	2.51428043779223	30.8563427757934	-19.5826885938432	-27.8131402009163	1	41.25	0
0	Br1665	0.0613327	-0.0166354	-0.0142013	559.11539754503	140.170432658738	51.1278183968205	49.2693189889798	-150.482721625477	-85.7922479683265	-94.4839789324036	-261.264192597055	111.121328899966	95.4222998178723	1	34.84	1
0	Br1135	0.0443159	-0.00403103	0.0394481	187.345901887369	-66.7300269485718	-45.9737715874101	-19.3623230860942	163.963305492531	-48.4467354773839	-18.5059581512394	-122.764042730738	-8.19439948776556	-27.061953866206	0	60.35	0
0	Br991	0.0436291	0.0102227	-0.0078481	-42.0615634745656	-116.785230795993	-130.518346078126	-121.402176228611	142.898646722039	-116.952419441533	42.1390840197407	-77.1854612946504	-27.1986783955876	-91.461008698999	0	35.24	0
0	Br1004	0.0507512	0.0167003	-0.0235019	-207.977926313835	14.5638732735635	-48.1094165229701	-48.3685968036319	65.4795381422392	-174.436205241485	-40.36349499025	-103.813377989239	11.0872420556169	-84.6705141126343	0	21.01	0
0	Br1040	0.0418527	-0.0410089	-0.00594927	-651.741435288048	243.329727838279	-234.910289307633	-21.3657008296674	137.855049719879	-107.133527838398	-9.35570436127552	-32.7974051890926	51.6798020202638	-82.4870188348606	0	20.93	0
0	Br1517	0.0544609	-0.0231275	0.101827	-172.200079717357	-141.828741803827	3.87286448162927	-74.1197041742988	-158.532244253148	-95.0628876513506	44.1570080339795	-55.7769261940093	-42.5720616756994	20.3888640500054	0	44.82	1
0	Br914	0.055049	0.000796254	-0.103114	34.8048516849047	281.671502859038	3.3829994896614	72.752227462227	2.03296806879745	-45.2562585117619	-19.533838083359	-142.00727674817	49.5645132243009	-38.1054167974172	0	19.69	1
0	Br1522	0.0107786	0.00330817	0.0688506	-159.002526901433	-171.836926725185	34.4937521978141	-79.903409438658	-110.0486509407	-160.852179031345	55.3728109872644	-116.942530869819	-8.23332953235582	-31.1176491660292	0	64.86	1
0	Br1164	0.0578878	-0.0229994	-0.0566281	171.518579610048	-189.51927397179	179.963318174118	-121.535089272156	40.6342179999907	65.58282862832	84.5827645012349	-223.270054750709	35.2428927469998	20.6827861791565	0	48.1	1
0	Br5460	0.0567584	-0.000833689	0.0243427	-12.6027841786391	-142.24915352852	-32.2203232915436	-53.5418380873954	-100.086875277132	-85.5175835630332	96.4453843116162	179.813925187579	-81.4742379956657	-27.5647124348556	0	61.34	0
0	Br5475	0.0547371	0.0436259	0.00407256	-55.6145521544751	-158.688190843501	-112.437048527445	-149.608647402153	30.1923054023592	-83.5391656532606	0.556301872916417	200.950304209589	26.165384548934	-101.950876405853	1	60.64	0
0	Br2509	0.0480592	0.00893607	-0.129222	-0.52038125205773	-118.048919317631	40.8810101944693	7.65141275814998	8.35120786007068	-129.163007149093	15.8137252040868	28.1569491886407	14.9678282384161	-110.038351891761	1	53.74	0
0	Br1285	0.0357825	0.0105176	0.0570395	27.0639713321136	-170.862654695864	85.0960136872642	-22.8128407007801	103.057147551308	-66.749171493006	79.1555939186448	-105.450950934152	-45.5637521863358	-28.7100726548124	0	58.19	0
0	Br1703	0.0600383	0.00203102	0.0773637	-404.869082313689	313.161445302922	-115.102979094327	-36.7145493198602	-45.6118084667452	23.495933815755	142.941195267075	-13.6109101890713	-35.5871337930621	-30.5835445640835	1	48.51	0
0	Br1693	0.0583687	0.0190588	-0.103563	417.739962566813	-252.646844588205	175.669781296739	-20.0864975590218	86.3848269502055	-56.883899495021	62.8183020822694	-41.6748020613664	-51.6779771843944	-99.6381052086379	1	70.91	0
0	Br2513	0.0738631	-0.0415467	-0.00953264	-34.8071862458991	38.0124435339808	-60.8770818413431	30.5629273665943	0.771041980431462	160.847432239337	50.7248843996075	-22.9818520790335	-8.17940854607157	30.4322380694875	0	54.49	0
0	Br1390	0.0550365	-0.0132625	-0.00586817	91.2748007094872	-43.2339073504208	-31.8053545722687	-48.276026397715	-46.7375181930192	-70.3099709519063	15.4804594950722	62.0120684994467	89.3520181534268	-98.8915151147686	0	42.68	1
0	Br1191	0.038896	-0.00371846	-0.104303	-86.638874088349	2.27432243239136	-57.0121388473471	-85.9021243094596	-7.32733609423557	-135.306914049301	-23.0407896755176	-115.048545203766	-30.6322115221956	41.2336876841558	0	36.54	0
0	Br1883	0.0528491	-0.0143279	0.0723409	-169.780840162123	-37.3861963597064	21.4677624166463	-23.5895660919588	144.657346494877	-127.944485650275	49.2736310807203	-77.6545515475086	-87.6421874800935	-43.5689610042016	0	45.16	0
0	Br1160	0.0463301	0.0401595	-0.0517661	16.6876535260687	-37.6364832371615	162.292774354553	31.3309673872831	-74.8622357795276	-74.0879303836108	101.410069516084	-24.3863793347055	-100.607301823	-58.3792871134918	0	73.23	0
0	Br836	0.0602846	0.0265233	0.0749827	-241.857694211112	248.316454886758	140.320737376946	-160.917514921355	156.428330584857	-110.796163057252	-60.9012964547356	183.761697498183	-408.140889034162	361.821534323286	0	20.77	0
0	Br1340	0.0507561	0.0258769	0.0473683	-153.330744278251	50.5852814423221	-144.989768409363	-171.294571585381	-8.66725363629032	-99.9566268560712	69.0846756853132	-124.191187939218	89.8689163260301	-41.6989166443552	0	26.18	1
0	Br1227	0.051041	-0.0149441	-0.00627989	-92.3011156381536	268.083626629871	28.3307385479855	-68.6872983615446	-30.0170531829166	-76.2188091139893	84.8808533225889	-172.794239833572	125.200937807415	-44.8966035061962	0	26.77	1
0	Br2287	0.0631153	-0.0182291	0.0412625	271.231912650498	262.980386768216	104.279748279706	157.870254615603	-95.9780188402432	87.2373052080663	6.27290494211019	51.6410175669043	-5.33919411365165	-6.23487748044214	0	50.84	1
0	Br2298	0.0531559	0.0257613	-0.0895432	374.33895126088	76.1789815636617	-29.9127470589213	-7.96515622015512	61.2810134066294	-213.75087799773	20.3472225503098	222.664312878285	14.6127991338737	-246.948278583437	1	52.46	0
0	Br2075	0.0577008	0.0082348	0.129389	-2.61549069946085	-270.813954423845	-176.551735922906	-97.1415457802284	80.0797426312652	-96.8667041705021	60.138588000094	3.97430008742454	-67.1507852441756	-45.8838829190163	1	52.89	0
0	Br1448	-0.00699842	0.0313627	-0.022123	-54.748012702156	354.686333913777	-176.781154942519	17.8443252789187	79.5602846471671	20.9108752726494	0.393765637663254	-195.625715713504	34.6080404951133	63.8095383842678	1	18.57	0
0	Br1672	0.0744002	0.00719683	0.0349099	219.534400608964	259.869996521827	142.152840207963	146.112919022264	-110.622674825467	25.2390169902585	65.6534091260633	-82.1214146477363	3.1051682555156	4.9136202098368	1	54.72	1
0	Br1441	0.0430038	0.0402827	-0.115248	289.402224143371	-48.1134837395364	188.819802736545	76.7450801154025	9.34582669726931	-6.90927968895673	77.5514404754351	-3.24832167521428	-51.26346970661	-144.305508551415	1	48.11	0
0	Br1527	0.0598876	0.00240927	-0.0204153	-305.141959574267	205.031450731669	14.0230161286828	68.3410136756114	-150.495320767846	-112.921922666249	37.5597412117399	-62.0242783670506	-6.48667384654698	-110.535414530684	1	62.68	1
0	Br1585	0.0597388	-0.0181266	-0.0117703	-465.387537934339	57.831773714549	126.267095208441	96.1317445385841	-103.730784972414	125.036414991587	57.7769704121068	12.0457550512084	27.3940481379363	28.864743446428	1	60.7	1
0	Br1912	0.00305082	0.00816857	-0.104584	343.900561683676	-154.118931849063	-250.134132687868	-188.500198855181	-9.86787878035889	-107.998577765801	105.485689022088	19.3516847750875	-130.741785992099	68.1870939861802	1	66.94	1
0	Br1228	0.0322487	-0.00186967	-0.0131182	4.91566494464303	-129.755492754842	148.689250919996	-35.1228711418792	-55.7980628924634	-53.8340574769503	90.4484173234709	34.1873133854871	-53.0766679622141	-38.9240178161734	0	49.72	0
0	Br1193	0.0469055	0.00712814	0.0735827	-264.780054807384	-67.1373689685059	48.9163496788159	7.15621874285285	33.0339081293908	-84.4135340154879	77.3826978599609	-18.7984492831033	-102.983613880738	-52.5611062726676	0	49.73	0
0	Br845	0.0537185	-0.00767513	0.0878363	-41.4112666948535	-64.8617156963732	-117.108968440954	-83.7240404039911	137.504573056321	-25.4157087098154	23.2715340004635	-63.7362723416209	18.5717205440312	-64.0958140071689	0	24.79	0
0	Br863	0.0720192	-0.0158038	-0.010501	6.67558784086388	-230.094709671014	108.663255990825	-107.048236843421	-23.1596937365466	-40.0834022569416	160.94880086117	-95.1625560050494	-151.535355414609	-21.7373351938257	0	43.85	0
0	Br1187	0.0448704	-0.0100943	0.0836717	-118.26206761398	135.396576804048	99.4856567579804	75.5492835044519	-79.7779099537945	-137.511516983728	-13.7356876148282	-148.596191424512	58.8927459089707	-134.104676116896	0	21.53	1
0	Br1918	0.052138	-0.00807437	0.0534668	-37.7540562653976	-188.046345513664	27.6526313461822	-91.6599344162092	-139.700861733479	-44.4177697078986	116.698972613432	-80.6749429291692	-56.7967091784093	-52.9613396601597	0	46.71	1
0	Br5264	0.0516258	0.00470968	-0.0962752	-128.329422378613	73.3096017733476	37.3831037142823	-11.6155663939833	-82.3692745166131	-182.644694863665	-15.5965121410342	-131.92377975056	22.865252082826	-92.2782699853334	0	21.69	1
0	Br1281	0.0334492	0.0186592	0.0466875	-257.322708001403	142.227920382155	148.291080684715	-74.1711059668181	143.895612787032	56.6118680697681	-39.5100718322718	93.2144295136666	127.352140168372	-93.5540690844028	0	24.84	0
0	Br1320	0.0584536	-0.00782926	-0.0199319	510.593632385728	-40.4221737348452	19.2570030361143	69.561528129353	116.937243731157	28.0070404357271	20.2754151124736	-4.06967454785583	-12.5885059291863	-100.026508403283	1	53.12	0
0	Br1275	0.0553212	0.00734004	0.0754722	88.2986504636105	-156.901285529976	-57.6579751173455	35.5376591456495	10.5622056909095	141.567695998649	68.1280596686602	97.0905518821311	-56.2794492702431	-17.2123810149169	0	60.72	0
0	Br1611	0.0501387	0.00735222	0.0601942	-357.129798447608	-55.0976657747957	-186.677590672353	70.8081750373419	79.3848133361152	-2.83196561944806	-52.1594198937676	-85.7565284233104	36.8354630061871	0.764470240168871	0	53.56	1
0	Br1740	0.057588	0.0240959	0.0169943	103.048074325608	-276.491652306747	-27.9400592117994	-81.6186597411047	-112.012005332729	-30.0490388345894	38.4788201107571	-64.7553932490461	76.1099290390585	11.4249621688793	1	59.58	1
0	Br2494	0.057275	0.00351313	0.10894	-115.027846038774	-183.068443059995	84.0627483181858	90.7034479741009	51.8598637981733	-18.5321305608237	46.8250672380972	-52.3299360619131	-44.0763324366377	-60.0087636617381	1	57.38	0
0	Br949	0.0712634	-0.0271636	0.057207	-200.932324028253	265.803788669229	56.8224490448995	55.4158015423828	85.2183119000706	30.1026295371717	-35.3541011323428	8.83577693157329	68.8616253561685	-100.628741023307	0	18.05	0
0	Br1424	0.0532624	-0.0157574	-0.104825	-310.993205671572	41.36688510303	138.849649989108	110.971558638635	73.3866638922595	75.2475339618441	22.8878309090777	37.5705289086603	-66.7302621445188	-63.3871066999239	0	51.55	0
0	Br1494	0.0562206	0.00489332	0.00268794	-328.99615004255	51.7246198481441	23.9929910248065	128.368098851966	-59.0636270522196	-41.650248725189	-14.6372812722269	-0.143080742732453	71.6939479116036	-31.7244663440473	0	65	1
0	Br2351	0.0281509	-0.0249293	0.0585785	615.631598799404	281.542362018306	-220.614216000074	-35.8645227885678	-48.193699207587	69.9583121931901	86.447585711147	46.0587219746636	-91.330094341039	31.085165633379	1	51.38	0
0	Br1280	0.0609259	-0.00399044	0.125357	300.106088071946	40.9031688256592	-173.859615667651	-35.683439601437	-30.2341703389748	4.33288356414117	2.88930624474096	-62.1126451968796	-51.628214985169	39.1861642838734	1	62.39	1
0	Br1167	0.0352138	-0.100051	0.1172	439.120422661435	150.633038807914	-127.493285525983	13.9290888110121	15.3524927905423	-37.2411043343462	47.4487659804083	65.5329303698396	14.7579620299792	-83.2592214866561	0	45.86	0
0	Br1989	0.0554454	0.0281039	0.0131353	88.9532982657975	-51.8282752433429	406.217465953975	-258.713272455868	-27.6376805906407	-230.768565514274	138.687454555338	445.282214470194	603.286952859907	98.8577921202078	1	59.06	0
0	Br1927	0.0558653	0.00581545	-0.0490706	-123.312264219309	-147.209012653974	-127.7659025316	78.9117909340878	10.4733848597476	87.4462166758191	-117.330283453375	-51.3394632191827	204.579125392545	52.3169687644542	0	49.65	0
0	Br1346	0.0526845	0.00483709	0.0374792	-318.393222707993	-14.1985968528816	-174.158254458652	55.3251654310426	106.245122482084	56.9701210350295	-8.70515072039463	-57.8183956706902	63.0685332933962	-25.7756749971275	0	29.51	0
0	Br2074	0.061754	-0.0216591	0.0161621	-45.4588926384992	-157.065468186224	-39.0670641195843	100.028905230566	89.2678254180961	109.89238743137	-74.584265973909	-27.792902964704	59.0189175950703	-8.43655530052388	0	44.82	0
0	Br1664	0.0326206	-0.00744264	-0.0593089	419.854936054695	-160.604088517321	-22.9330913447062	88.4275410948111	122.992997125015	83.8229456960145	-58.7852831767592	32.4436167093654	68.2081140154215	-55.6476828985131	1	45.48	0
0	Br1324	0.0401588	0.0506257	-0.0825353	-46.3316115945417	-107.646063968779	-192.635475699888	-78.3500701315152	-16.9932533245986	-41.8912280370484	-117.181221351145	-29.1470703208741	18.6958266579789	88.9704502074164	0	38.59	1
0	Br1017	0.0685061	-0.00844357	-0.0109324	148.351403483836	-89.7155771761789	-97.7426021650416	7.07287009748758	-78.4047171012265	77.0296173449408	-33.3348849292674	-34.9482041252216	73.8863279777303	65.6225163947649	0	48.42	1
0	Br948	0.0639954	0.00695405	-0.0100903	413.585832821128	-263.707242661938	4.22689363097918	89.551899063971	99.9923749158452	49.8529023112834	-83.6377293951785	-21.617751411501	60.4975441300007	-77.5114349526548	0	45.91	0
0	Br2377	0.0399693	-0.00246113	-0.161817	568.243692669221	151.981599540257	24.2246983871355	146.205567342994	-175.293755848538	-4.1060018507192	-74.4541810222106	-103.146545923406	70.9234802255958	13.4274132446035	0	56.6	1
0	Br2267	0.0436441	0.0200317	-0.0057465	-134.903330397017	89.119067009213	-9.389889115726	68.0715714624792	-176.554573947857	-22.3911972175097	36.9736408502144	165.58197467136	-96.2446649592218	40.356358702944	0	49.39	0
0	Br2076	0.0407964	0.0170171	0.0925031	-99.4136399134462	-166.705857960351	-66.9132970188226	-33.9476104526254	-90.0134347635593	26.4770353069329	62.4003191889219	118.389548649199	7.5777204164242	65.981566239968	0	56.48	0
0	Br1221	0.0664583	0.00501496	0.0044691	-115.421554245345	-230.519932945432	-122.242500477054	-8.64682679468675	2.86801063043826	272.0978791012	64.8365264762933	24.9977987651909	151.107831477277	43.0293367614324	0	41.17	1
0	Br1410	0.0606516	-0.018216	0.152421	-648.999093562029	467.366887039965	36.8745416805654	66.3997025747888	122.898185588344	55.840379330157	7.33013883447637	40.0947457950252	6.91271339241373	9.85130804047346	0	29.81	0
0	Br1663	0.0357147	0.00991448	-0.0231845	334.115375184068	55.5394586300313	-88.4041198851623	130.518581202115	127.470723447169	115.989473710759	-42.3198389728457	-32.7784371749613	6.50296078996626	56.1581281708024	1	43.05	0
0	Br1605	0.0361381	0.00417535	-0.165837	54.4445310382039	-229.508972562295	29.5592244098772	29.0977857747711	-68.2677364099688	61.9565213020088	-26.3203158844889	-18.3975238446402	-5.52626103906497	20.4985802719919	1	47.59	0
0	Br5179	0.0365237	-0.00624613	0.0761758	398.769021467343	-54.3923065882939	47.3955555234984	109.589003724057	53.4971251678546	96.727712677585	-114.49527082243	98.887478723208	103.005006898779	-97.8490567324237	1	53.04	0
0	Br1447	0.0427244	0.011043	0.119331	89.538190773222	-93.6362627586284	-95.157377728722	40.0925889980981	122.164334325892	149.585211317209	26.3900185161519	-74.5768186156599	19.059405865764	23.5570318622444	1	53.24	0
0	Br2587	0.056649	0.00998868	-0.0526024	50.5442559277963	-200.023309797401	52.8339892117178	142.555258024661	109.612235123338	64.0664040002753	-2.4940065120013	-65.1774864938338	-31.7120504107719	-23.4985317629999	0	50.55	0
0	Br5330	0.0461558	0.028894	-0.0599223	24.6384004304521	-124.948835111303	221.225984052336	60.0684549085507	45.6345279656288	28.0701659278665	44.2495334863701	-34.1917150609069	-83.0191382128386	-63.052638963681	0	50.48	0
0	Br1408	0.0460804	0.00984849	-0.0931714	-445.109770688807	275.136114255712	-181.45172550019	99.5927996343317	74.4666364644054	72.7981559329953	-67.1051631947929	100.886865101115	91.2083314521339	-31.2755169716806	0	37.17	0
0	Br1185	0.0553348	-0.00355522	-0.0214824	-67.8617511233662	-50.2819860099938	-11.5659010996093	62.3407684339345	-56.2985840791501	-74.8984017930907	-53.5360163989671	0.698258541173498	-38.9958139106547	6.0877422205547	0	54.48	1
0	Br1263	0.0613732	-0.00568136	0.0186593	-100.409710240957	-125.545611825672	-149.178990292531	-51.3881194607151	14.6243908119447	-126.060825702778	-55.6032331861267	-103.00085360971	0.668711510837272	6.0750713292777	0	41	1
0	Br2295	0.0713078	-0.00721702	0.0307157	-6.39466798451631	-40.6886064239299	170.84285347902	-120.600264725218	-66.9893913552545	193.856411565665	214.741330851675	-93.1556082856954	-19.8584065834696	97.9552390762385	1	54.43	1
0	Br1576	0.0746492	-0.0301825	0.0349062	75.6035892561962	-4.92213010232041	402.285797883068	144.469188600333	-6.8062322286339	-6.58113667868949	-19.4878036132047	83.5332254381717	9.12022532566288	-65.0344463794952	1	66.29	1
0	Br5426	0.0591279	-0.0630855	-0.110863	8.99094664862741	-15.0958439592668	-41.2361283423755	34.9797295046995	-267.437826824108	233.251429560695	62.4667144795016	17.5107315674343	78.2353535106991	70.7006336218852	0	48.75	1
0	Br1615	0.0569687	0.00475834	0.0146057	-174.318226762629	-202.792196346127	-175.002394749651	-78.2141075545531	-95.7615497820536	341.628107099047	86.4056266087505	-89.3010452098306	81.0770642130955	112.297165449297	0	71.77	1
0	Br1840	0.048468	0.00362321	0.195656	200.28995183729	171.400862257868	-18.8999999570563	152.856437756022	-66.0843173007693	27.5710694101094	6.58844736913415	-36.3865106767758	-81.6799054235517	10.1195522066686	1	55.34	0
0	Br1137	0.0512178	-0.00813273	0.00414662	-235.608338606936	-97.2419250587083	-67.142546434009	-30.3472652345435	-129.897060081325	37.0909392436645	7.55866587607675	174.239057509584	8.59355150539689	-39.0008851900473	0	68.54	0
0	Br1056	0.0618984	-0.0233533	0.0416478	203.150991465789	-160.030785747675	-9.52808688348477	57.6901044799903	100.35723994738	153.649830101201	17.4111713642542	59.8056951123878	65.8621247760211	-22.6961827161062	0	48.66	0
0	Br5259	-0.0071979	0.0374305	0.234059	-51.4376081725619	115.977457339078	246.982019705722	13.4895258393388	42.8357895265484	25.9311769607027	96.5436133316112	-42.4372213187726	-85.7247035871257	78.8649302695478	0	71.4	0
0	Br1321	0.0662742	0.00901205	-0.00236577	-24.625372242079	-45.0435195731613	13.0604774584688	156.198900355022	-85.2865134916204	78.907712343218	-69.8803134577532	-41.2413707239441	152.328503020104	-14.8004682041048	1	57.13	1
0	Br2539	0.0347875	0.0139105	0.122726	84.0481802359179	-128.457209015023	-2.34657929018722	109.286934262158	61.8006588143432	195.060022203037	9.23682634875555	94.5235355945017	19.7107794239313	-18.15313811459	0	84.16	0
0	Br1420	0.0312045	0.00247363	-0.131072	-135.684491631155	149.362120209309	-5.02462970098457	127.065558707209	-84.135380585302	-1.95378475237716	9.42134567576272	63.0033772224501	-3.94221622117338	41.0430416714236	1	80.2	1
0	Br5073	0.0270246	0.0406636	-0.135232	3.15392001767905	-96.0247601075461	-64.5205613507485	122.874315899188	148.485394914565	69.7221557342808	-57.8378680689852	27.2572053268004	4.36255310264593	-10.9944437180527	1	62.61	0
0	Br1021	0.0596699	0.00367841	0.0479552	453.471004331962	-132.387140795449	35.349694601865	80.7599329677127	123.878598963831	-39.4338123252588	-122.191817872922	64.6271242341256	-62.8910670688507	-25.9398918711688	1	63.18	0
0	Br1081	0.0389105	0.0117638	-0.012868	-175.573131276134	-184.149242246105	-29.5582674435952	126.310123711723	31.466215534565	115.396046042459	-94.0217665208312	4.26017173936736	-42.4184871263266	67.5554664500373	1	58.09	0
0	Br1054	0.0332241	0.0179952	-0.0494373	774.631157633778	242.469130108075	-104.806578643482	112.814287565226	12.6994472114331	136.605019065549	46.1752551276502	-21.3814210997894	-48.9373892136183	-22.0041855129794	0	58.48	0
0	Br2543	0.0385986	-0.00175902	-0.123066	-471.03051782871	-61.175280104483	-86.8784085243786	140.973162503223	24.4045812465689	164.365666775874	-10.0192763090889	0.280561921082764	12.0444419463282	47.8699623654483	0	50.47	0
0	Br1276	0.040421	0.029747	-0.0997826	-183.166659457321	-123.908888911781	-140.211843683384	61.7765006527827	136.099075648967	109.732810566604	-63.8426007337706	-7.98009951408793	123.535201986845	6.88404660181383	0	24.25	0
0	Br1007	0.0683202	0.00502359	-0.0595899	119.293384003736	-184.28703737823	-127.987516300609	8.0476589834467	100.518214331216	112.404812167078	-44.0797140965488	-13.3318373312525	109.550590585967	55.8919962883088	0	57.1	0
0	Br1525	0.0504188	0.00842705	0.0324984	-321.64030622094	-74.4664276493253	-51.8310196105549	57.7463481085047	-103.16088050394	-12.1097643648745	-86.3069447788507	3.90916506466619	48.8412828610727	15.6071711568439	0	46.07	1
0	Br1249	0.0414703	-0.00623022	0.119367	-109.824741555262	-182.963558464532	-69.5948080728054	-35.5301742135923	-185.343468422991	-37.3831632482012	-29.5100711158011	-92.9160414037132	-5.90595806569457	50.8388919165213	0	51.8	1
0	Br2481	0.0666949	-0.0152336	-0.0140596	181.063162791229	-85.4560804897136	-197.950169326256	-13.0664758501082	97.3685458738109	169.261571788603	27.5894948511342	-11.017610503867	13.4417871004722	51.9045097469335	1	53.95	0
0	Br1579	0.0636699	-0.0234077	-0.0779059	-204.373146680392	-42.850689626381	229.04507284376	27.5614302490131	88.0346569847779	5.01941127218443	1.87980345841415	-27.5119118343124	-46.3871903129086	-16.6080349484602	1	37.67	0
0	Br2038	0.0561805	-0.0184727	0.0586247	-216.494428543612	-64.5370620767648	277.361862760705	74.81547981371	158.98528600221	-8.88982462516918	25.8621058522543	-10.2599335807065	-155.021863585455	-9.47668720258065	1	44.64	0
0	Br1283	0.0705323	0.00296812	0.0133824	-56.8781003887605	-200.480188708597	101.282434395013	64.0385847871829	108.77893516721	-20.2678336083	-136.912240878919	-101.433190934332	-197.567933041488	110.761395754993	1	37.3	0
0	Br1303	0.0446575	0.0363834	-0.10204	-481.626508435641	103.312557379202	100.893944500978	262.2463579242	-204.999478295901	-209.239005186433	-396.785717026748	112.741528247733	96.9035049798072	305.848136201724	1	42.98	1
0	Br1556	0.0571796	-0.0128931	-0.0293413	-90.7107496372585	-43.8379893402182	-172.266738926111	-10.2751015348639	-15.0797624943473	-103.115980138015	-107.611657035802	-48.3933420786451	24.1100490560201	37.745628220613	0	29.95	1
0	Br1538	0.0653887	-0.0279387	0.0372559	529.208356931964	2.83265405438858	-163.761723196344	-71.3159662859581	-150.627875774596	-1.67927010059739	-15.7409650345468	38.1685356182232	62.3942695843049	55.817260306484	1	59.82	1
0	Br963	0.0120633	0.019051	-0.0894283	-27.9224098402862	-144.832830996656	-66.4820629158791	-1.41870946985568	-178.635914237917	22.6897417748713	12.9027445344665	43.0211945648904	18.9376039832274	25.7643711738612	1	62.63	1
0	Br1700	-0.000982837	0.036988	-0.135719	25.3753246872894	-254.024839222608	88.4089051743815	99.6290494264472	18.4180989910308	41.93117769813	31.0326119386193	48.2664804692212	-106.610137603089	50.4450646805721	1	60	0
0	Br1573	0.0476323	0.0115254	0.0839896	551.339606221992	150.684630600201	-10.5914034261922	161.507690676042	-26.0619793897654	-8.36839223223292	-60.235149735136	149.958751504125	-68.9870600614383	48.2515358624357	1	57.58	0
0	Br1688	0.0553964	-0.0013391	0.0109151	-202.972907588098	144.88808108375	-47.5228567455328	44.4518380009969	-21.6127945905015	24.2573341922336	124.033664066285	68.2642104385772	-166.531123353681	27.3091982622492	1	52.02	0
0	Br1832	0.0796344	0.00264225	0.00351506	-18.559291887519	-255.060399924451	-98.3705029150644	-26.6833196376024	77.6395192012397	-29.2051601951111	-20.9679735660934	30.2560897263784	-59.3589749883776	10.8932730754813	0	54.86	0
0	Br1548	0.0244047	0.0234258	0.1078	816.196117410326	206.691519407737	-88.6817048525598	38.7345404922609	68.8493558457319	-29.5229047330563	-84.2852850448824	56.2662216582847	-20.8330489728744	-100.360234396746	0	37.54	0
0	Br1571	0.0633474	0.000377498	0.064686	-547.860964739765	226.750599504493	194.727754893221	-103.680027772518	157.900080077155	-3.8933609112164	2.21474844371544	-81.3229481097516	123.468813671897	149.086921494062	0	31.6	0
0	Br1455	-0.0255672	-0.00472241	0.0271789	-291.801339657187	277.487528433945	230.138659051034	43.2277507581654	188.680683248768	-24.0875693494072	-110.194690560871	-195.563927683465	-7.4001927215676	62.5539329096748	1	21.54	0
0	Br1148	0.0657928	0.0151437	-0.0839173	-353.16682688868	79.3041013482913	-197.351043039396	-19.1012269086093	-38.6713699950679	-39.2370851185278	13.2050335277542	40.9461177571817	-12.9397769300445	-46.0639738983806	0	29.97	0
0	Br2046	0.0568483	0.0139567	0.00669157	173.036478134938	-177.557306220882	205.99613470172	-86.3450977430934	34.0726060672963	115.085561531013	20.1169173116073	36.2929076473388	45.6336872815693	11.6006742911675	0	44.72	0
0	Br1898	0.0625273	0.0264571	0.0825299	624.404742530724	472.488492419056	201.613392881948	-138.657465097104	31.5897807269618	129.064335246989	125.153062572087	-43.1393588363055	56.1666873236323	75.4100885068588	0	34.76	0
0	Br1657	0.0565613	-0.00141845	0.0127876	265.066039719428	212.031185021329	-330.710605737313	-75.8143994139292	66.6438784144438	-23.8971870462726	-36.644025458399	-1.21432014365562	-76.6984931028965	93.3459916820813	0	25.82	0
0	Br1539	0.0693302	-0.0126311	0.00998152	-34.8688921703977	-263.308514799151	29.4294444832552	-51.352973333484	-152.819134184307	-183.00459340791	-64.8474337896396	22.269658162043	-7.65785066196357	2.51397611510077	0	54.56	1
0	Br1053	0.05457	0.0108935	-0.0050342	14.2549837006213	-218.737504077998	-116.037699178717	-46.1485803449925	-61.7334526161405	-40.1747788068262	-36.4660776436997	-77.0255876022663	22.6686479662155	28.6376375123961	0	40.18	1
0	Br1348	0.0691584	-0.0108415	0.014194	-189.42192152439	2.84771732241905	-75.9393960550743	-10.7026590907758	-103.521120958081	-27.2175700386608	35.7880900437461	104.309713236845	-71.6957198053272	16.0505390205621	0	42.91	1
0	Br1604	0.0489318	0.00179098	-0.0762919	-378.546648815196	73.0981466188979	-193.428755912584	-11.7126731448771	47.6780283601872	-30.5767386891279	-34.7889476885449	113.694384783454	43.194349649059	25.0626295124005	0	27.2	0
0	Br1325	0.0456675	0.00889208	-0.00413002	375.970223042122	24.6738456612433	-311.313663882925	-136.545521555191	-83.8469413906548	-0.648006128497407	-20.6922789668954	-51.8069858666012	5.16391334255506	80.6809616223483	0	45.75	1
0	Br1994	0.0344115	0.0127754	-0.0719355	-162.976796840279	2.60257085604749	198.199781505723	98.9808824496015	41.66517986325	67.10546850949	25.6686441322211	49.2050738732921	-38.9590356183548	35.8797679197277	1	50.34	0
0	Br2020	0.0488802	0.0145884	0.0281665	37.205759577087	-61.7258486643057	163.49324934099	90.6230383213951	-143.52050853817	-151.964762702378	-74.6735429002184	-74.8178472353619	-11.9345262748524	-50.9003045900014	1	51.99	0
0	Br848	0.0681916	0.00476771	-0.00207638	39.3437076693609	56.8833951616793	7.31086620543835	79.0761217230358	10.2444271044102	-195.761740964013	-185.218807177057	-57.8484560117574	17.4639610913143	-53.3338847955718	0	22.71	0
0	Br1157	0.0687824	-0.0166986	0.0187852	62.4891642429255	99.3709280487079	-114.58404893552	30.6409665206498	-69.959796043154	70.2113357950857	94.5751838427624	61.4775604103833	-34.5926514428666	-63.669565503008	0	60.7	0
0	Br1298	0.0490125	0.00903036	-0.0328016	-63.5554326098399	-77.8833396302545	-1.81429754360922	86.377868901533	58.7450083880313	-62.3871725684199	-86.0825471467408	-32.4484184927569	-27.038375048996	-26.8926068214293	1	60.11	0
0	Br2345	0.0569905	-0.0193862	-0.0345777	361.247371103651	208.323189806305	163.054995221825	3.25802081677178	-26.3275968456261	75.390576550412	98.3061923250628	22.5634705842455	7.49076494192202	-129.111685618358	1	31.82	0
0	Br1644	0.0575121	-0.0342565	0.00420541	-177.453401616039	60.0557058239073	-157.533273532949	42.3338155665228	40.8026589008455	7.76951320772114	-35.565711004059	-6.4493422233501	-12.881632788807	-21.0032996528595	0	45.29	0
0	Br1905	0.0375505	-0.0260097	-0.0505564	-33.7258493204929	-78.0056271463222	-80.0056966449451	62.6478827133024	49.902455635964	32.139891486494	-50.7090170291545	42.0229007701145	40.812383259949	8.95724628316814	0	46	0
0	Br1003	0.0591231	-0.0398077	0.0205308	-157.046466300896	22.4315036841008	-3.61315335251216	28.587802444676	-165.830789085251	15.4914042122169	27.3470979533566	68.1463462923305	-83.1447206510017	74.4055230811011	0	52.57	1
0	Br1134	0.0312242	0.0163653	0.0513993	461.684785514214	236.252001066703	-244.564205602435	-49.4398728971859	-48.1025966453189	29.7295860025174	-33.8842693379694	-117.684323078193	79.1015562879274	85.5370075438277	0	36.48	1
0	Br993	0.0646887	0.0197844	-0.0513997	-19.5100090154368	-109.279316167036	-76.9724887528134	-29.7405143962695	-91.0283140846756	-3.74588127025398	-8.24591404086045	-86.432950193656	20.1757852588614	54.4114665096962	0	30.48	1
0	Br1156	0.0551191	0.00275092	0.0190167	-435.517596846486	154.698532237846	109.571056080256	34.9965609553817	-56.0369627700847	78.5901674283592	79.653026103781	43.8381790271175	2.01798445837399	3.43372008918519	0	53.86	1
0	Br2064	0.0274858	-0.0266827	0.123892	387.590227014455	201.784224550643	22.8277477485229	10.7409389161213	14.1765961393972	116.558402051053	79.5936955752773	106.124590085088	-24.5420960178067	-33.6232464618504	0	40.24	0
0	Br1442	0.0650435	-0.00135347	0.0126202	-248.934904971513	-9.44543219768796	223.085630726583	-62.395989191991	65.3590643697335	80.3901996945536	86.5795105547749	55.6580751175261	124.149390260073	-7.76738832180459	0	41.99	0
0	Br1531	0.0616753	0.00723666	-0.0631228	-172.925004076961	571.924164629633	222.491429926451	-212.491114382085	155.799089429894	-32.924443223849	110.600641921412	-12.7028316369486	44.864152757619	-152.758102912461	0	17.21	0
0	Br2053	0.0575583	-0.00312787	-0.0983229	-148.799708318274	57.0550624677358	-75.025366318178	28.5013273121835	-8.62367388012304	-18.7995201281139	15.2562999326503	133.787421347743	-56.9688757250912	-22.863178608888	0	65.58	0
0	Br2585	0.0643787	0.020544	0.0894537	-73.6288124125016	-134.660224201135	-99.3194635842598	-41.0638177609045	-63.067968893247	-84.0742811098447	-30.6329067814667	-147.201321310953	74.2677477469081	87.7539959808105	1	33.35	1
0	Br1509	0.0591607	-0.0134264	0.00814701	786.484279075998	328.011785216833	-69.7919575838328	38.3977208717067	-164.059253060262	-166.202202419053	-116.213985542562	-134.548041771919	-20.9497698482499	83.6658856148607	1	38.6	0
0	Br1326	0.0683777	0.00168423	-0.000257688	-179.97485696582	-63.5451610689723	134.393621428656	27.3771725535761	66.4416853651791	19.813277661507	-49.1276841168281	-62.7241565697794	0.888803747063538	-57.3289451883151	1	74.56	0
0	Br5467	0.0641493	-0.0178846	0.0927256	-38.3934951011411	20.1169317812852	24.4944290545913	-77.4580416130992	226.048864650475	11.9538473950945	-54.0819663445323	-19.0590714032565	30.5639527409291	-9.11951550707605	1	47.52	0
0	Br1084	0.0674246	0.0165512	-0.015821	116.194734199474	-30.8165107150008	328.516577972906	-151.729365792739	89.175237733193	-41.5699130191799	-43.7227529457188	-148.841209245468	165.907343114796	18.4742087723116	1	48.93	1
0	Br1552	0.058853	0.0109586	-0.0491551	-85.7715705267957	42.9914255233524	-91.322345553982	37.6715973103087	-87.6618410437331	-88.1754999359849	-58.8433553142068	-0.630922320173031	11.5429181321198	30.6952168303379	1	67.51	1
0	Br1102	0.0689186	-0.00942838	0.00359921	-169.561234129132	-11.2357778178018	-50.1646510015056	33.8260860043933	53.1028358478978	16.7075391094766	-84.067064873322	137.971933371189	-36.0270927051438	35.0362449489887	1	46.47	0
0	Br1399	0.0326346	0.0310088	0.00808327	81.2861779043628	246.836536971165	-131.415557542269	-19.4420066368821	-230.291181964719	-6.14402173464348	19.3859373031269	160.596032563872	-78.9271969180156	180.752003104555	1	45	1
0	Br1536	0.03375	0.0593284	0.0101821	80.3908421166862	-104.167738073951	-16.5801449214238	135.883501903946	95.8398495098285	-69.0581881941104	-144.602812886346	143.954575235717	-45.5296944240053	-53.115268119824	0	53.26	0
0	Br1250	0.0230543	-0.00190312	-0.0431638	-577.498892998359	185.566236383137	-186.09793932452	91.3071662616592	75.8698359000589	-14.6583234714379	-83.5246018876699	102.245186917461	59.7916289932363	-47.8114690251548	0	22.16	0
0	Br1504	0.0504553	0.0238621	0.0705809	-48.3923372117554	-45.0644181338525	-19.5655018102394	66.5359069857811	-15.0166862623317	-49.6364940133376	36.0889933673513	141.1388068225	-71.0405777042663	-63.5568986889583	0	64.52	0
0	Br2003	0.0586375	0.0187258	-0.0484515	666.424615866065	-64.8405310399941	387.770512056844	173.142148437468	141.437496734175	-129.056643161982	-163.00073117197	77.2908795230864	-44.7520016861324	-54.4463076713534	0	73.86	0
0	Br5295	0.0534656	0.013412	-0.166163	-84.5140280688551	-144.987402734379	67.3489625251397	89.7413448287547	-85.8766300580211	-0.307186959228769	1.18983603321246	79.8268439509138	-91.9660420529346	-11.8531112413521	1	57.66	0
0	Br1941	0.0338457	0.0142909	-0.0992182	10.6320490460723	-49.1419580947834	-101.052007005598	-87.0834900227794	-13.6213577473887	31.3674136314739	79.0833668785231	89.123342065085	-159.221017454634	-15.3256763122727	1	51.71	0
0	Br1039	0.0372755	0.000920873	0.0426192	-103.04317807399	-97.3940920909241	6.39431679343797	9.2463648007318	-153.099367500429	-57.4199031815968	-21.4667614836402	61.2001242036153	4.91369011929964	18.4587646125418	0	51.45	1
0	Br1459	0.0600151	0.0219668	0.0604858	-252.965777639783	156.092994864241	285.789106040771	-696.588234907857	-304.966552924867	442.607313641403	-689.915345842014	9.66790334625216	-228.8554056665	-399.251635475607	0	40.82	1
0	Br1069	0.0684744	0.00851679	-0.0503334	58.6327170488938	-207.058050948644	229.767251472327	121.79847216319	-156.910068252423	-63.3180130590398	-39.2498471143055	52.7269229890882	-13.6661633350551	39.7761814511604	0	59.58	1
0	Br1590	0.070209	-0.0145563	-0.0105848	-297.823467214338	-57.1311070455339	252.825710734795	-14.0136704720035	87.0865981168232	64.8114026136785	98.8473077555867	-42.1140742478954	-228.234713500231	294.842933000826	1	83.41	0
0	Br1314	0.0453841	-0.0059247	-0.118742	-146.990662688236	-101.270859983436	331.600897917411	91.9380148135505	-228.465428307908	-11.9331576779122	-4.17490689225636	-47.2645561277489	15.9043408985472	25.6009551453767	0	53.36	1
0	Br1265	0.0657374	0.00465213	0.0117983	-104.046929550336	-4.59241171319255	189.374831614048	-81.9004811341763	17.1919939386819	164.124868744911	138.586754471412	-34.320898386522	81.9116859450957	-26.0464119027377	1	68.81	0
